0
0
2
0
4
0
6
0
8
0
10
0
12
0
14
0
16
0
18
0
20
0
22
0
24
0
26
0
28
0
30
0
32
8.65384615384615E-03
34
1.69748520710059E-02
36
2.49758192990442E-02
38
3.26690570183117E-02
40
4.00664009791459E-02
42
4.71792317107172E-02
44
5.40184920295358E-02
46
6.05947038745536E-02
48
6.69179844947631E-02
50
7.29980620141953E-02
52
7.88442903982647E-02
54
8.44656638444853E-02
56
8.98708306196974E-02
58
9.50681063650937E-02
60
.100065486889513
62
.104870660470686
64
.108742129150807
66
.111744608138862
68
.113939215771104
70
.115383654461015
72
.116132383050858
74
.116236780958551
76
.115745304496051
78
.114703635718597
80
.113154824148143
82
.111139421698909
84
.108695611118332
86
.105859328242623
88
.102664378352741
90
9.91425469037332E-02
92
.095323704888151
94
9.12359090824897E-02
96
8.69703052489587E-02
98
8.26089331889049E-02
100
7.82253882399092E-02
102
7.38854416715555E-02
104
6.96476223047869E-02
106
6.55637615562666E-02
108
6.16795039919442E-02
110
.05803478536276
112
5.46642799898338E-02
114
5.15978192662807E-02
116
.048860782947722
118
4.64744648133518E-02
120
4.44564141938511E-02
122
4.28207547812645E-02
124
4.15784820589721E-02
126
4.07377406168731E-02
128
4.02984741773719E-02
130
4.02535290292024E-02
132
4.05896577765486E-02
134
4.12884307943352E-02
136
4.23270622951004E-02
138
4.36791574567658E-02
140
4.53153866322027E-02
142
4.72040922591868E-02
144
4.93118337116363E-02
146
5.16038749785298E-02
148
5.40446197242643E-02
150
5.65979979721756E-02
152
5.92278083603164E-02
154
6.18980196442332E-02
156
6.45730348643517E-02
158
6.72179213546472E-02
160
6.97990948833497E-02
162
7.22848819910784E-02
164
7.46459738376817E-02
166
7.68557837174919E-02
168
7.88907193374354E-02
170
8.07303799676217E-02
172
8.23576876641571E-02
174
8.37589609238753E-02
176
8.49239383556039E-02
178
8.58457592380156E-02
180
8.65209071757998E-02
182
8.69491224599077E-02
184
8.71332881802685E-02
186
8.70792946271995E-02
188
8.67958860475075E-02
190
8.62944933899897E-02
192
8.55890142793156E-02
194
8.46955527885755E-02
196
8.36321299453694E-02
198
8.24183744334569E-02
200
8.10752016279689E-02
202
7.96244879143106E-02
204
7.80887461774389E-02
206
7.64908073983558E-02
208
7.48535124484149E-02
210
7.31994174201861E-02
212
7.15505151676578E-02
214
6.99279751406405E-02
216
6.83519030811695E-02
218
6.68411216968477E-02
220
6.54129730313192E-02
222
6.40831429098271E-02
224
6.28655111775853E-02
226
6.17720302178976E-02
228
6.08126331950138E-02
230
5.99951725923102E-02
232
5.93253888901856E-02
234
5.88069086325939E-02
236
5.84412706506004E-02
238
5.82279788314888E-02
240
5.81645795299341E-02
242
5.82467615020359E-02
244
.058468476093218
246
5.88220753178465E-02
248
5.92984654235974E-02
250
5.98872735296933E-02
252
6.05770249585333E-02
254
6.13553289390854E-02
256
6.22090701279834E-02
258
6.31246032772814E-02
260
6.40879483555098E-02
262
6.50849834828864E-02
264
6.61016331565093E-02
266
6.71240494034383E-02
268
6.81387836970041E-02
270
6.91329476943944E-02
272
.070094361092981
274
7.10116851517287E-02
276
7.18745406762876E-02
278
7.26736095170013E-02
280
7.34007188739207E-02
282
7.40489079387003E-02
284
7.46124766273388E-02
286
7.50870163680972E-02
288
7.54694231313256E-02
290
7.57578931118945E-02
292
7.59519016922103E-02
294
7.60521665180293E-02
296
7.60605957057149E-02
298
7.59802223648129E-02
300
7.58151267616178E-02
302
7.55703475664638E-02
304
7.52517837193226E-02
306
7.48660885150644E-02
308
.074420557552114
310
7.39230122072922E-02
312
7.33816802967686E-02
314
7.28050755598899E-02
316
7.22018775609898E-02
318
7.15808135460203E-02
320
7.09505437155779E-02
322
7.03195512841417E-02
324
6.96960385883104E-02
326
6.90878303862382E-02
328
6.85022853583883E-02
330
6.79462166784184E-02
332
6.74258223748777E-02
334
6.69466260518231E-02
336
6.65134283818116E-02
338
6.61302696302459E-02
340
.065800403317842
342
6.55262809799862E-02
344
6.53095478396895E-02
346
6.51510490762494E-02
348
6.50508462459234E-02
350
6.50082432949823E-02
352
6.50218215005579E-02
354
6.50894825817165E-02
356
6.52084991430467E-02
358
6.53755715464282E-02
360
6.55868902540127E-02
362
6.58382026470722E-02
364
6.61248833012819E-02
366
6.64420066890556E-02
368
6.67844212833582E-02
370
6.71468240544578E-02
372
6.75238343806269E-02
374
6.79100664350271E-02
376
6.83001991629375E-02
378
6.86890430250722E-02
380
.069071602752826
382
6.94431354387285E-02
384
6.97992033689214E-02
386
7.01357210928528E-02
388
7.04489963172872E-02
390
7.07357643058737E-02
392
.070993215560589
394
7.12190166561082E-02
396
7.14113241913392E-02
398
7.15687919128118E-02
400
7.16905711512592E-02
402
.071776304794575
404
7.18261150964601E-02
406
7.18405856897189E-02
408
7.18207382356294E-02
410
7.17680041955508E-02
412
7.16841922574966E-02
414
7.15714519884722E-02
416
7.14322343127589E-02
418
7.12692494369251E-02
420
7.10854228542012E-02
422
7.08838500641083E-02
424
7.06677506381301E-02
426
7.04404222491157E-02
428
7.02051952614377E-02
430
6.99653884512352E-02
432
6.97242663919441E-02
434
6.94849990004157E-02
436
6.92506236939753E-02
438
6.90240105595198E-02
440
6.88078308829934E-02
442
6.86045293321095E-02
444
6.84163000278219E-02
446
6.82450666815956E-02
448
6.80924669167763E-02
450
6.79598408340894E-02
452
6.78482238242416E-02
454
6.77583435754537E-02
456
.067690621171175
458
6.76451761238025E-02
460
6.76218351444934E-02
462
6.76201444075791E-02
464
6.76393850310616E-02
466
6.76785914625233E-02
468
6.77365724327553E-02
470
6.78119341176909E-02
472
6.79031051329053E-02
474
6.80083629740533E-02
476
6.81258615111051E-02
478
6.82536591440014E-02
480
6.83897472322034E-02
482
6.85320784203225E-02
484
6.86785944962892E-02
486
6.88272534370176E-02
488
6.89760553188576E-02
490
6.91230667958801E-02
492
6.92664438777651E-02
494
6.94044527702721E-02
496
6.95354885744967E-02
498
6.96580916758362E-02
500
6.97709616893156E-02
502
6.98729688641571E-02
504
6.99631628867266E-02
506
7.00407790567902E-02
508
7.01052418469141E-02
510
7.01561658884173E-02
512
7.01933544591529E-02
514
.070216795578196
516
7.02266558399327E-02
518
7.02232721448088E-02
520
7.02071415058765E-02
522
.070178909129084
524
7.01393549808511E-02
526
7.00893790687755E-02
528
7.00299856702604E-02
530
6.99622667494569E-02
532
6.98873848052101E-02
534
6.98065553917653E-02
536
6.97210295499615E-02
538
6.96320763796638E-02
540
.069540965974463
542
6.94489529274091E-02
544
6.93572606020051E-02
546
6.92670663461226E-02
548
6.91794878082006E-02
550
6.90955704953537E-02
552
6.90162766921392E-02
554
6.89424758370401E-02
556
6.88749364315033E-02
558
6.88143195339553E-02
560
6.87611738688768E-02
562
6.87159325590632E-02
564
6.86789114678791E-02
566
6.86503091179041E-02
568
6.86302081330842E-02
570
6.86185781335716E-02
572
6.86152799960287E-02
574
6.86200713774634E-02
576
.068632613387772
578
6.86524782852125E-02
580
6.86791580600716E-02
582
.068712073764894
584
6.87505854448091E-02
586
6.87940025187264E-02
588
6.88415944614338E-02
590
6.88926016378633E-02
592
.068946246143908
594
6.90017425130696E-02
596
6.90583081547697E-02
598
6.91151733982292E-02
600
6.91715910252419E-02
602
6.92268451857889E-02
604
6.92802596020638E-02
606
6.93312049789347E-02
608
6.93791055519569E-02
610
6.94234447175844E-02
612
6.94637697040173E-02
614
6.94996952549777E-02
616
.069530906312447
618
6.95571596978478E-02
620
6.95782848041526E-02
622
6.95941833237932E-02
624
.069604828048886
626
6.96102607910671E-02
628
6.96105894780171E-02
630
6.96059844924774E-02
632
6.95966743271208E-02
634
6.95829406349998E-02
636
6.95651127603981E-02
638
6.95435618387442E-02
640
6.95186945567963E-02
642
6.94909466655901E-02
644
6.94607763386813E-02
646
6.94286574670512E-02
648
6.93950729797413E-02
650
6.93605082758991E-02
652
6.93254448495436E-02
654
.069290354183079
656
6.92556919794993E-02
658
6.92218927964455E-02
660
6.91893651379076E-02
662
6.91584870515237E-02
664
6.91296022712335E-02
666
6.91030169366188E-02
668
6.90789969117144E-02
670
6.90577657175263E-02
672
6.90395030840526E-02
674
6.90243441193745E-02
676
6.90123790854742E-02
678
6.90036537629227E-02
680
6.89981703795634E-02
682
6.89958890718582E-02
684
6.89967298417301E-02
686
6.90005749665894E-02
688
6.90072718158024E-02
690
6.90166360231945E-02
692
6.90284549622911E-02
694
6.90424914688981E-02
696
6.90584877543145E-02
698
6.90761694519412E-02
700
6.90952497402759E-02
702
6.91154334862485E-02
704
6.91364213545037E-02
706
6.91579138305384E-02
708
6.91796151085055E-02
710
6.92012367979255E-02
712
6.92225014074661E-02
714
6.92431455682682E-02
716
6.92629229639543E-02
718
6.92816069393858E-02
720
6.92989927653496E-02
722
6.93148995415982E-02
724
6.93291717259538E-02
726
6.93416802824548E-02
728
6.93523234466986E-02
730
6.93610271115614E-02
732
6.93677448412852E-02
734
6.93724575264642E-02
736
6.93751726966913E-02
738
6.93759235114835E-02
740
.069374767453575
742
6.93717847516939E-02
744
6.93670765625211E-02
746
6.93607629436317E-02
748
6.93529806508421E-02
